54,5
54,4
54,3
54,2
54,1
54,0
0,502
0,501
53,4
53,3
53,2
53,1
53,0
52,3
52,2
52,1
52,0
0,500
0,499
51,5
51,4
51,3
51,2
51,1
51,0
50,3
50,2
0,498
0,497
0,496
50,1
50,0
0,495
0,494
0,493
49,6
0,492
0,491
0,490
0,489
0,488
0,487
0,486
0,485
0,484
0,483
49,5
49,4
49,3
49,2
0,482
49,1
49,0
0,481
0,480
0,479
0,478
48,4
48,3
48,2
48,1
48,0
47,3
47,2
0,477
47,1
47,0
0,476
0,475
0,474
0,473
0,472
0,471
0,470
0,469
0,468
0,467
46,5
46,4
46,3
46,2
46,1
46,0
45,4
45,3
45,2
45,1
45,0
44,3
44,2
44,1
44,0
0,466
43,4
43,3
43,2
0,465
0,464
43,1
43,0
42,3
42,2
42,1
42,0
0,463
0,462
41,5
0,461
0,460
0,459
0,458
41,4
41,3
41,2
41,1
41,0
40,3
40,2
40,1
40,0
0,457
0,456
0,455
0,454
0,453
0,452
39,5
0,451
0,450
0,449
0,448
0,447
0,446
0,445
0,444
0,443
